00000000000000000000000000000000
00000000000000000000000000000000
00000000000000000000000000000000
00000000000000000000000000000000
00000008000000080000003800000000
00000000000000000100000000000000
00000000000000000000000001000000
00000000000000000000000000000000
01000000000000000000000000000000
00000000010000000000000000000000
00000000000000000100000000000000
00000000000000000000000001000000
00000000000000000000000000000000
01000000000000000000000000000000
00000000010000000000000000000000
00000000000000000000000000000000
